4 0.22109375 0.265625 0.0265625 0.0875
4 0.35859375 0.446875 0.0296875 0.121875
4 0.4421875 0.3171875 0.025 0.109375
0 0.103125 0.45703125 0.034375 0.1203125
1 0.2984375 0.290625 0.009375 0.021875
4 0.053125 0.5421875 0.03125 0.128125
4 0.34296875 0.63828125 0.0390625 0.1453125
4 0.49296875 0.584375 0.0296875 0.13125
4 0.47421875 0.521875 0.0296875 0.11875
4 0.49765625 0.51328125 0.0328125 0.1078125
4 0.7578125 0.60234375 0.028125 0.1453125
4 0.7328125 0.5984375 0.025 0.1375
4 0.82109375 0.5234375 0.0359375 0.140625
3 0.8453125 0.48203125 0.028125 0.1421875
4 0.7078125 0.4890625 0.028125 0.115625
4 0.634375 0.571875 0.028125 0.121875
4 0.671875 0.49375 0.028125 0.128125
4 0.69140625 0.48203125 0.0265625 0.1328125
4 0.65546875 0.56484375 0.0203125 0.1234375
4 0.62421875 0.56953125 0.0171875 0.1296875