4 0.5828125 0.4265625 0.025 0.0875
3 0.1515625 0.44296875 0.03125 0.0734375
4 0.67109375 0.44609375 0.0234375 0.0921875
4 0.43984375 0.45625 0.0234375 0.090625
4 0.59609375 0.55 0.0296875 0.109375
0 0.634375 0.49921875 0.025 0.0984375
4 0.359375 0.46953125 0.025 0.0953125
4 0.31015625 0.45625 0.0234375 0.0875
4 0.41484375 0.4734375 0.0234375 0.0875
4 0.70390625 0.37890625 0.0203125 0.0734375
4 0.728125 0.66953125 0.03125 0.1296875
4 0.98359375 0.5703125 0.0265625 0.1125
4 0.3296875 0.46171875 0.021875 0.0921875
1 0.36171875 0.32578125 0.0109375 0.0140625
1 0.36171875 0.32265625 0.0078125 0.0171875
4 0.38671875 0.39609375 0.0234375 0.0828125