1 0.14921875 0.5640625 0.0140625 0.028125
4 0.3203125 0.58046875 0.05 0.1171875
4 0.4609375 0.48203125 0.034375 0.1140625
4 0.5515625 0.7234375 0.071875 0.140625
4 0.553125 0.44765625 0.025 0.1390625
4 0.57109375 0.3953125 0.0296875 0.128125
4 0.7234375 0.46796875 0.04375 0.1328125
4 0.95859375 0.38125 0.0453125 0.125
4 0.9203125 0.39375 0.04375 0.109375
4 0.9109375 0.44453125 0.053125 0.1265625
4 0.984375 0.52890625 0.03125 0.1609375
0 0.940625 0.475 0.046875 0.134375
3 0.4578125 0.42421875 0.03125 0.0828125