4 0.15078125 0.66171875 0.0328125 0.1078125
4 0.253125 0.60078125 0.040625 0.0890625
4 0.42890625 0.5109375 0.0328125 0.075
4 0.334375 0.4875 0.028125 0.071875
4 0.221875 0.48359375 0.021875 0.0671875
4 0.10078125 0.50546875 0.0296875 0.0734375
4 0.17890625 0.49140625 0.0234375 0.0703125
0 0.0265625 0.48828125 0.03125 0.0734375
4 0.15625 0.4796875 0.01875 0.059375
3 0.36484375 0.459375 0.0203125 0.071875
0 0.5609375 0.4953125 0.01875 0.075
4 0.93046875 0.64375 0.0265625 0.075
1 0.90078125 0.62734375 0.0109375 0.0328125