3 0.8140625 0.6265625 0.01875 0.10625
1 0.3078125 0.52421875 0.00625 0.0109375
0 0.2328125 0.6203125 0.028125 0.09375
4 0.32890625 0.48125 0.0171875 0.090625
4 0.2515625 0.48984375 0.015625 0.0953125
4 0.08359375 0.80390625 0.0359375 0.1359375
4 0.009375 0.6890625 0.01875 0.1125
4 0.43046875 0.52109375 0.0140625 0.0828125
4 0.41875 0.5265625 0.0125 0.078125
4 0.5046875 0.60234375 0.021875 0.0890625
4 0.559375 0.584375 0.028125 0.08125
4 0.53671875 0.68359375 0.0203125 0.1109375
4 0.6578125 0.5984375 0.0125 0.09375
4 0.67109375 0.60234375 0.0140625 0.0890625
4 0.6953125 0.61171875 0.025 0.0859375
4 0.71328125 0.61953125 0.0171875 0.0984375
4 0.73671875 0.615625 0.0203125 0.0875
4 0.75859375 0.6765625 0.0234375 0.109375
4 0.7296875 0.68515625 0.025 0.1046875
4 0.73671875 0.6484375 0.0171875 0.096875